(kicad_pcb (version 20171130) (host pcbnew "(5.1.4)-1")

  (general
    (thickness 1.6)
    (drawings 30)
    (tracks 577)
    (zones 0)
    (modules 36)
    (nets 59)
  )

  (page A4)
  (layers
    (0 F.Cu signal)
    (31 B.Cu signal)
    (32 B.Adhes user)
    (33 F.Adhes user)
    (34 B.Paste user)
    (35 F.Paste user)
    (36 B.SilkS user)
    (37 F.SilkS user)
    (38 B.Mask user)
    (39 F.Mask user)
    (40 Dwgs.User user)
    (41 Cmts.User user)
    (42 Eco1.User user)
    (43 Eco2.User user)
    (44 Edge.Cuts user)
    (45 Margin user)
    (46 B.CrtYd user)
    (47 F.CrtYd user)
    (48 B.Fab user)
    (49 F.Fab user)
  )

  (setup
    (last_trace_width 0.381)
    (user_trace_width 0.381)
    (user_trace_width 15)
    (user_trace_width 30)
    (trace_clearance 0.2)
    (zone_clearance 0.508)
    (zone_45_only no)
    (trace_min 0.2)
    (via_size 0.8)
    (via_drill 0.4)
    (via_min_size 0.4)
    (via_min_drill 0.3)
    (uvia_size 0.3)
    (uvia_drill 0.1)
    (uvias_allowed no)
    (uvia_min_size 0.2)
    (uvia_min_drill 0.1)
    (edge_width 0.25)
    (segment_width 0.2)
    (pcb_text_width 0.3)
    (pcb_text_size 1.5 1.5)
    (mod_edge_width 0.12)
    (mod_text_size 1 1)
    (mod_text_width 0.15)
    (pad_size 1.75 3.300001)
    (pad_drill 0.75)
    (pad_to_mask_clearance 0.051)
    (solder_mask_min_width 0.25)
    (aux_axis_origin 0 0)
    (visible_elements 7FFFFFFF)
    (pcbplotparams
      (layerselection 0x010fc_ffffffff)
      (usegerberextensions false)
      (usegerberattributes false)
      (usegerberadvancedattributes false)
      (creategerberjobfile false)
      (excludeedgelayer true)
      (linewidth 0.100000)
      (plotframeref false)
      (viasonmask false)
      (mode 1)
      (useauxorigin false)
      (hpglpennumber 1)
      (hpglpenspeed 20)
      (hpglpendiameter 15.000000)
      (psnegative false)
      (psa4output false)
      (plotreference true)
      (plotvalue true)
      (plotinvisibletext false)
      (padsonsilk false)
      (subtractmaskfromsilk false)
      (outputformat 1)
      (mirror false)
      (drillshape 1)
      (scaleselection 1)
      (outputdirectory ""))
  )

  (net 0 "")
  (net 1 "Net-(16x2_LCD1-Pad14)")
  (net 2 "Net-(16x2_LCD1-Pad13)")
  (net 3 "Net-(16x2_LCD1-Pad12)")
  (net 4 "Net-(16x2_LCD1-Pad11)")
  (net 5 "Net-(16x2_LCD1-Pad10)")
  (net 6 "Net-(16x2_LCD1-Pad9)")
  (net 7 "Net-(16x2_LCD1-Pad8)")
  (net 8 "Net-(16x2_LCD1-Pad7)")
  (net 9 "Net-(16x2_LCD1-Pad6)")
  (net 10 "Net-(16x2_LCD1-Pad5)")
  (net 11 "Net-(16x2_LCD1-Pad4)")
  (net 12 V0)
  (net 13 GND)
  (net 14 "Net-(ESP-12E1-Pad30)")
  (net 15 "Net-(ESP-12E1-Pad28)")
  (net 16 "Net-(ESP-12E1-Pad26)")
  (net 17 "Net-(ESP-12E1-Pad25)")
  (net 18 "Net-(ESP-12E1-Pad24)")
  (net 19 "Net-(ESP-12E1-Pad23)")
  (net 20 CS)
  (net 21 "Net-(ESP-12E1-Pad21)")
  (net 22 Din)
  (net 23 "Net-(ESP-12E1-Pad19)")
  (net 24 Dout)
  (net 25 "Net-(ESP-12E1-Pad17)")
  (net 26 CLK)
  (net 27 "Net-(ESP-12E1-Pad15)")
  (net 28 "Net-(ESP-12E1-Pad14)")
  (net 29 "Net-(ESP-12E1-Pad12)")
  (net 30 SafeDrive)
  (net 31 TankDrive)
  (net 32 SDA)
  (net 33 "Net-(ESP-12E1-Pad5)")
  (net 34 SCL)
  (net 35 "Net-(ESP-12E1-Pad3)")
  (net 36 D0)
  (net 37 "Net-(ESP-12E1-Pad1)")
  (net 38 "Net-(I2C_Bus1-Pad13)")
  (net 39 LeftVert)
  (net 40 LeftHorz)
  (net 41 RightVert)
  (net 42 RightHorz)
  (net 43 SW4)
  (net 44 SW3)
  (net 45 SW2)
  (net 46 SW1)
  (net 47 5V)
  (net 48 "Net-(ESP-12E1-Pad13)")
  (net 49 "Net-(ESP-12E1-Pad11)")
  (net 50 "Net-(5V_Reg_1-Pad1)")
  (net 51 LeftSel)
  (net 52 RightSel)
  (net 53 "Net-(COM1-Pad2)")
  (net 54 P3)
  (net 55 "Net-(PWR1-Pad2)")
  (net 56 "Net-(BT1-Pad1)")
  (net 57 "Net-(R6-Pad2)")
  (net 58 k)

  (net_class Default "This is the default net class."
    (clearance 0.2)
    (trace_width 0.25)
    (via_dia 0.8)
    (via_drill 0.4)
    (uvia_dia 0.3)
    (uvia_drill 0.1)
    (add_net 5V)
    (add_net CLK)
    (add_net CS)
    (add_net D0)
    (add_net Din)
    (add_net Dout)
    (add_net GND)
    (add_net LeftHorz)
    (add_net LeftSel)
    (add_net LeftVert)
    (add_net "Net-(16x2_LCD1-Pad10)")
    (add_net "Net-(16x2_LCD1-Pad11)")
    (add_net "Net-(16x2_LCD1-Pad12)")
    (add_net "Net-(16x2_LCD1-Pad13)")
    (add_net "Net-(16x2_LCD1-Pad14)")
    (add_net "Net-(16x2_LCD1-Pad4)")
    (add_net "Net-(16x2_LCD1-Pad5)")
    (add_net "Net-(16x2_LCD1-Pad6)")
    (add_net "Net-(16x2_LCD1-Pad7)")
    (add_net "Net-(16x2_LCD1-Pad8)")
    (add_net "Net-(16x2_LCD1-Pad9)")
    (add_net "Net-(5V_Reg_1-Pad1)")
    (add_net "Net-(BT1-Pad1)")
    (add_net "Net-(COM1-Pad2)")
    (add_net "Net-(ESP-12E1-Pad1)")
    (add_net "Net-(ESP-12E1-Pad11)")
    (add_net "Net-(ESP-12E1-Pad12)")
    (add_net "Net-(ESP-12E1-Pad13)")
    (add_net "Net-(ESP-12E1-Pad14)")
    (add_net "Net-(ESP-12E1-Pad15)")
    (add_net "Net-(ESP-12E1-Pad17)")
    (add_net "Net-(ESP-12E1-Pad19)")
    (add_net "Net-(ESP-12E1-Pad21)")
    (add_net "Net-(ESP-12E1-Pad23)")
    (add_net "Net-(ESP-12E1-Pad24)")
    (add_net "Net-(ESP-12E1-Pad25)")
    (add_net "Net-(ESP-12E1-Pad26)")
    (add_net "Net-(ESP-12E1-Pad28)")
    (add_net "Net-(ESP-12E1-Pad3)")
    (add_net "Net-(ESP-12E1-Pad30)")
    (add_net "Net-(ESP-12E1-Pad5)")
    (add_net "Net-(I2C_Bus1-Pad13)")
    (add_net "Net-(PWR1-Pad2)")
    (add_net "Net-(R6-Pad2)")
    (add_net P3)
    (add_net RightHorz)
    (add_net RightSel)
    (add_net RightVert)
    (add_net SCL)
    (add_net SDA)
    (add_net SW1)
    (add_net SW2)
    (add_net SW3)
    (add_net SW4)
    (add_net SafeDrive)
    (add_net TankDrive)
    (add_net V0)
    (add_net k)
  )

  (module digikey-footprints:Battery_Holder_9V_BC9VPC-ND (layer B.Cu) (tedit 5DE6BBEE) (tstamp 5DA03BF4)
    (at 156.21 86.5632)
    (descr http://www.memoryprotectiondevices.com/datasheets/BC9VPC-datasheet.pdf)
    (path /5DCD7CBE)
    (fp_text reference BT1 (at -12.54 4.91 180) (layer B.SilkS)
      (effects (font (size 1 1) (thickness 0.15)) (justify mirror))
    )
    (fp_text value 9V_BAT (at -12.01 -27.63 180) (layer B.Fab)
      (effects (font (size 1 1) (thickness 0.15)) (justify mirror))
    )
    (fp_line (start -40.85 -26.3) (end 14.27 -26.3) (layer B.Fab) (width 0.1))
    (fp_line (start -40.85 3.8) (end 14.27 3.8) (layer B.Fab) (width 0.1))
    (fp_line (start 14.27 3.8) (end 14.27 -26.3) (layer B.Fab) (width 0.1))
    (fp_line (start -40.85 3.8) (end -40.85 -26.3) (layer B.Fab) (width 0.1))
    (fp_line (start 14.37 3.9) (end 13.62 3.9) (layer B.SilkS) (width 0.1))
    (fp_line (start 14.37 3.9) (end 14.37 3.15) (layer B.SilkS) (width 0.1))
    (fp_line (start -40.95 3.9) (end -40.95 3.15) (layer B.SilkS) (width 0.1))
    (fp_line (start -40.2 3.9) (end -40.95 3.9) (layer B.SilkS) (width 0.1))
    (fp_line (start -40.2 -26.4) (end -40.95 -26.4) (layer B.SilkS) (width 0.1))
    (fp_line (start 14.37 -26.4) (end 13.62 -26.4) (layer B.SilkS) (width 0.1))
    (fp_line (start -40.95 -25.65) (end -40.95 -26.4) (layer B.SilkS) (width 0.1))
    (fp_line (start 14.37 -25.65) (end 14.37 -26.4) (layer B.SilkS) (width 0.1))
    (fp_line (start 14.52 4.07) (end 14.52 -26.55) (layer B.CrtYd) (width 0.1))
    (fp_line (start -41.1 4.07) (end 14.52 4.07) (layer B.CrtYd) (width 0.1))
    (fp_line (start -41.1 4.07) (end -41.1 -26.55) (layer B.CrtYd) (width 0.1))
    (fp_line (start -41.1 -26.55) (end 14.52 -26.55) (layer B.CrtYd) (width 0.1))
    (fp_text user %R (at -11.82 -10.95 180) (layer B.Fab)
      (effects (font (size 1 1) (thickness 0.15)) (justify mirror))
    )
    (pad 1 thru_hole oval (at 12.62 -4.74) (size 1.75 3.300001) (drill oval 0.75 2.3) (layers *.Cu *.Mask)
      (net 56 "Net-(BT1-Pad1)"))
    (pad "" np_thru_hole circle (at -26.87 0) (size 5.57 5.57) (drill 5.57) (layers *.Cu *.Mask))
    (pad "" np_thru_hole circle (at 0 0) (size 5.57 5.57) (drill 5.57) (layers *.Cu *.Mask))
    (pad "" np_thru_hole circle (at -13.49 -22.5) (size 5.57 5.57) (drill 5.57) (layers *.Cu *.Mask))
    (pad 2 thru_hole oval (at 12.62 -17.69) (size 1.75 3.300001) (drill oval 0.75 2.3) (layers *.Cu *.Mask)
      (net 13 GND))
  )

  (module Resistor_SMD:R_0603_1608Metric_Pad1.05x0.95mm_HandSolder (layer F.Cu) (tedit 5B301BBD) (tstamp 5D9DB535)
    (at 91.694 56.755 270)
    (descr "Resistor SMD 0603 (1608 Metric), square (rectangular) end terminal, IPC_7351 nominal with elongated pad for handsoldering. (Body size source: http://www.tortai-tech.com/upload/download/2011102023233369053.pdf), generated with kicad-footprint-generator")
    (tags "resistor handsolder")
    (path /5DD3C2F8)
    (attr smd)
    (fp_text reference R6 (at 0 -1.43 90) (layer F.SilkS)
      (effects (font (size 1 1) (thickness 0.15)))
    )
    (fp_text value 510 (at 0 1.43 90) (layer F.Fab)
      (effects (font (size 1 1) (thickness 0.15)))
    )
    (fp_text user %R (at 0 0 90) (layer F.Fab)
      (effects (font (size 0.4 0.4) (thickness 0.06)))
    )
    (fp_line (start 1.65 0.73) (end -1.65 0.73) (layer F.CrtYd) (width 0.05))
    (fp_line (start 1.65 -0.73) (end 1.65 0.73) (layer F.CrtYd) (width 0.05))
    (fp_line (start -1.65 -0.73) (end 1.65 -0.73) (layer F.CrtYd) (width 0.05))
    (fp_line (start -1.65 0.73) (end -1.65 -0.73) (layer F.CrtYd) (width 0.05))
    (fp_line (start -0.171267 0.51) (end 0.171267 0.51) (layer F.SilkS) (width 0.12))
    (fp_line (start -0.171267 -0.51) (end 0.171267 -0.51) (layer F.SilkS) (width 0.12))
    (fp_line (start 0.8 0.4) (end -0.8 0.4) (layer F.Fab) (width 0.1))
    (fp_line (start 0.8 -0.4) (end 0.8 0.4) (layer F.Fab) (width 0.1))
    (fp_line (start -0.8 -0.4) (end 0.8 -0.4) (layer F.Fab) (width 0.1))
    (fp_line (start -0.8 0.4) (end -0.8 -0.4) (layer F.Fab) (width 0.1))
    (pad 2 smd roundrect (at 0.875 0 270) (size 1.05 0.95) (layers F.Cu F.Paste F.Mask) (roundrect_rratio 0.25)
      (net 57 "Net-(R6-Pad2)"))
    (pad 1 smd roundrect (at -0.875 0 270) (size 1.05 0.95) (layers F.Cu F.Paste F.Mask) (roundrect_rratio 0.25)
      (net 31 TankDrive))
    (model ${KISYS3DMOD}/Resistor_SMD.3dshapes/R_0603_1608Metric.wrl
      (at (xyz 0 0 0))
      (scale (xyz 1 1 1))
      (rotate (xyz 0 0 0))
    )
  )

  (module Resistor_SMD:R_0603_1608Metric_Pad1.05x0.95mm_HandSolder (layer F.Cu) (tedit 5B301BBD) (tstamp 5DE6F8EA)
    (at 156.083 92.329 270)
    (descr "Resistor SMD 0603 (1608 Metric), square (rectangular) end terminal, IPC_7351 nominal with elongated pad for handsoldering. (Body size source: http://www.tortai-tech.com/upload/download/2011102023233369053.pdf), generated with kicad-footprint-generator")
    (tags "resistor handsolder")
    (path /5DFB7CD2)
    (attr smd)
    (fp_text reference R7 (at -0.014 -1.397 90) (layer F.SilkS)
      (effects (font (size 1 1) (thickness 0.15)))
    )
    (fp_text value 10K (at 0 1.43 90) (layer F.Fab)
      (effects (font (size 1 1) (thickness 0.15)))
    )
    (fp_text user %R (at 0 0 90) (layer F.Fab)
      (effects (font (size 0.4 0.4) (thickness 0.06)))
    )
    (fp_line (start 1.65 0.73) (end -1.65 0.73) (layer F.CrtYd) (width 0.05))
    (fp_line (start 1.65 -0.73) (end 1.65 0.73) (layer F.CrtYd) (width 0.05))
    (fp_line (start -1.65 -0.73) (end 1.65 -0.73) (layer F.CrtYd) (width 0.05))
    (fp_line (start -1.65 0.73) (end -1.65 -0.73) (layer F.CrtYd) (width 0.05))
    (fp_line (start -0.171267 0.51) (end 0.171267 0.51) (layer F.SilkS) (width 0.12))
    (fp_line (start -0.171267 -0.51) (end 0.171267 -0.51) (layer F.SilkS) (width 0.12))
    (fp_line (start 0.8 0.4) (end -0.8 0.4) (layer F.Fab) (width 0.1))
    (fp_line (start 0.8 -0.4) (end 0.8 0.4) (layer F.Fab) (width 0.1))
    (fp_line (start -0.8 -0.4) (end 0.8 -0.4) (layer F.Fab) (width 0.1))
    (fp_line (start -0.8 0.4) (end -0.8 -0.4) (layer F.Fab) (width 0.1))
    (pad 2 smd roundrect (at 0.875 0 270) (size 1.05 0.95) (layers F.Cu F.Paste F.Mask) (roundrect_rratio 0.25)
      (net 51 LeftSel))
    (pad 1 smd roundrect (at -0.875 0 270) (size 1.05 0.95) (layers F.Cu F.Paste F.Mask) (roundrect_rratio 0.25)
      (net 47 5V))
    (model ${KISYS3DMOD}/Resistor_SMD.3dshapes/R_0603_1608Metric.wrl
      (at (xyz 0 0 0))
      (scale (xyz 1 1 1))
      (rotate (xyz 0 0 0))
    )
  )

  (module Resistor_SMD:R_0603_1608Metric_Pad1.05x0.95mm_HandSolder (layer F.Cu) (tedit 5B301BBD) (tstamp 5DD47AAB)
    (at 154.559 92.315 270)
    (descr "Resistor SMD 0603 (1608 Metric), square (rectangular) end terminal, IPC_7351 nominal with elongated pad for handsoldering. (Body size source: http://www.tortai-tech.com/upload/download/2011102023233369053.pdf), generated with kicad-footprint-generator")
    (tags "resistor handsolder")
    (path /5DFB8D20)
    (attr smd)
    (fp_text reference R8 (at 0.113 -1.27 270) (layer F.SilkS)
      (effects (font (size 1 1) (thickness 0.15)))
    )
    (fp_text value 10K (at 0 1.43 90) (layer F.Fab)
      (effects (font (size 1 1) (thickness 0.15)))
    )
    (fp_text user %R (at 0 0 90) (layer F.Fab)
      (effects (font (size 0.4 0.4) (thickness 0.06)))
    )
    (fp_line (start 1.65 0.73) (end -1.65 0.73) (layer F.CrtYd) (width 0.05))
    (fp_line (start 1.65 -0.73) (end 1.65 0.73) (layer F.CrtYd) (width 0.05))
    (fp_line (start -1.65 -0.73) (end 1.65 -0.73) (layer F.CrtYd) (width 0.05))
    (fp_line (start -1.65 0.73) (end -1.65 -0.73) (layer F.CrtYd) (width 0.05))
    (fp_line (start -0.171267 0.51) (end 0.171267 0.51) (layer F.SilkS) (width 0.12))
    (fp_line (start -0.171267 -0.51) (end 0.171267 -0.51) (layer F.SilkS) (width 0.12))
    (fp_line (start 0.8 0.4) (end -0.8 0.4) (layer F.Fab) (width 0.1))
    (fp_line (start 0.8 -0.4) (end 0.8 0.4) (layer F.Fab) (width 0.1))
    (fp_line (start -0.8 -0.4) (end 0.8 -0.4) (layer F.Fab) (width 0.1))
    (fp_line (start -0.8 0.4) (end -0.8 -0.4) (layer F.Fab) (width 0.1))
    (pad 2 smd roundrect (at 0.875 0 270) (size 1.05 0.95) (layers F.Cu F.Paste F.Mask) (roundrect_rratio 0.25)
      (net 52 RightSel))
    (pad 1 smd roundrect (at -0.875 0 270) (size 1.05 0.95) (layers F.Cu F.Paste F.Mask) (roundrect_rratio 0.25)
      (net 47 5V))
    (model ${KISYS3DMOD}/Resistor_SMD.3dshapes/R_0603_1608Metric.wrl
      (at (xyz 0 0 0))
      (scale (xyz 1 1 1))
      (rotate (xyz 0 0 0))
    )
  )

  (module Resistor_SMD:R_0603_1608Metric_Pad1.05x0.95mm_HandSolder (layer F.Cu) (tedit 5B301BBD) (tstamp 5DD47AEF)
    (at 209.042 70.358 90)
    (descr "Resistor SMD 0603 (1608 Metric), square (rectangular) end terminal, IPC_7351 nominal with elongated pad for handsoldering. (Body size source: http://www.tortai-tech.com/upload/download/2011102023233369053.pdf), generated with kicad-footprint-generator")
    (tags "resistor handsolder")
    (path /5E135845)
    (attr smd)
    (fp_text reference R12 (at 0 1.524 270) (layer F.SilkS)
      (effects (font (size 1 1) (thickness 0.15)))
    )
    (fp_text value 10K (at 0 1.43 90) (layer F.Fab)
      (effects (font (size 1 1) (thickness 0.15)))
    )
    (fp_line (start -0.8 0.4) (end -0.8 -0.4) (layer F.Fab) (width 0.1))
    (fp_line (start -0.8 -0.4) (end 0.8 -0.4) (layer F.Fab) (width 0.1))
    (fp_line (start 0.8 -0.4) (end 0.8 0.4) (layer F.Fab) (width 0.1))
    (fp_line (start 0.8 0.4) (end -0.8 0.4) (layer F.Fab) (width 0.1))
    (fp_line (start -0.171267 -0.51) (end 0.171267 -0.51) (layer F.SilkS) (width 0.12))
    (fp_line (start -0.171267 0.51) (end 0.171267 0.51) (layer F.SilkS) (width 0.12))
    (fp_line (start -1.65 0.73) (end -1.65 -0.73) (layer F.CrtYd) (width 0.05))
    (fp_line (start -1.65 -0.73) (end 1.65 -0.73) (layer F.CrtYd) (width 0.05))
    (fp_line (start 1.65 -0.73) (end 1.65 0.73) (layer F.CrtYd) (width 0.05))
    (fp_line (start 1.65 0.73) (end -1.65 0.73) (layer F.CrtYd) (width 0.05))
    (fp_text user %R (at 0 0 90) (layer F.Fab)
      (effects (font (size 0.4 0.4) (thickness 0.06)))
    )
    (pad 1 smd roundrect (at -0.875 0 90) (size 1.05 0.95) (layers F.Cu F.Paste F.Mask) (roundrect_rratio 0.25)
      (net 43 SW4))
    (pad 2 smd roundrect (at 0.875 0 90) (size 1.05 0.95) (layers F.Cu F.Paste F.Mask) (roundrect_rratio 0.25)
      (net 47 5V))
    (model ${KISYS3DMOD}/Resistor_SMD.3dshapes/R_0603_1608Metric.wrl
      (at (xyz 0 0 0))
      (scale (xyz 1 1 1))
      (rotate (xyz 0 0 0))
    )
  )

  (module Resistor_SMD:R_0603_1608Metric_Pad1.05x0.95mm_HandSolder (layer F.Cu) (tedit 5B301BBD) (tstamp 5DD47ACD)
    (at 191.9732 72.6948 90)
    (descr "Resistor SMD 0603 (1608 Metric), square (rectangular) end terminal, IPC_7351 nominal with elongated pad for handsoldering. (Body size source: http://www.tortai-tech.com/upload/download/2011102023233369053.pdf), generated with kicad-footprint-generator")
    (tags "resistor handsolder")
    (path /5E12BD44)
    (attr smd)
    (fp_text reference R10 (at 0 1.524 270) (layer F.SilkS)
      (effects (font (size 1 1) (thickness 0.15)))
    )
    (fp_text value 10K (at 0 1.43 90) (layer F.Fab)
      (effects (font (size 1 1) (thickness 0.15)))
    )
    (fp_line (start -0.8 0.4) (end -0.8 -0.4) (layer F.Fab) (width 0.1))
    (fp_line (start -0.8 -0.4) (end 0.8 -0.4) (layer F.Fab) (width 0.1))
    (fp_line (start 0.8 -0.4) (end 0.8 0.4) (layer F.Fab) (width 0.1))
    (fp_line (start 0.8 0.4) (end -0.8 0.4) (layer F.Fab) (width 0.1))
    (fp_line (start -0.171267 -0.51) (end 0.171267 -0.51) (layer F.SilkS) (width 0.12))
    (fp_line (start -0.171267 0.51) (end 0.171267 0.51) (layer F.SilkS) (width 0.12))
    (fp_line (start -1.65 0.73) (end -1.65 -0.73) (layer F.CrtYd) (width 0.05))
    (fp_line (start -1.65 -0.73) (end 1.65 -0.73) (layer F.CrtYd) (width 0.05))
    (fp_line (start 1.65 -0.73) (end 1.65 0.73) (layer F.CrtYd) (width 0.05))
    (fp_line (start 1.65 0.73) (end -1.65 0.73) (layer F.CrtYd) (width 0.05))
    (fp_text user %R (at 0 0 90) (layer F.Fab)
      (effects (font (size 0.4 0.4) (thickness 0.06)))
    )
    (pad 1 smd roundrect (at -0.875 0 90) (size 1.05 0.95) (layers F.Cu F.Paste F.Mask) (roundrect_rratio 0.25)
      (net 45 SW2))
    (pad 2 smd roundrect (at 0.875 0 90) (size 1.05 0.95) (layers F.Cu F.Paste F.Mask) (roundrect_rratio 0.25)
      (net 47 5V))
    (model ${KISYS3DMOD}/Resistor_SMD.3dshapes/R_0603_1608Metric.wrl
      (at (xyz 0 0 0))
      (scale (xyz 1 1 1))
      (rotate (xyz 0 0 0))
    )
  )

  (module Resistor_SMD:R_0603_1608Metric_Pad1.05x0.95mm_HandSolder (layer F.Cu) (tedit 5B301BBD) (tstamp 5DD47ADE)
    (at 190.1952 72.6948 90)
    (descr "Resistor SMD 0603 (1608 Metric), square (rectangular) end terminal, IPC_7351 nominal with elongated pad for handsoldering. (Body size source: http://www.tortai-tech.com/upload/download/2011102023233369053.pdf), generated with kicad-footprint-generator")
    (tags "resistor handsolder")
    (path /5E12D2C4)
    (attr smd)
    (fp_text reference R11 (at 0 -1.43 90) (layer F.SilkS)
      (effects (font (size 1 1) (thickness 0.15)))
    )
    (fp_text value 10K (at 0 1.43 90) (layer F.Fab)
      (effects (font (size 1 1) (thickness 0.15)))
    )
    (fp_line (start -0.8 0.4) (end -0.8 -0.4) (layer F.Fab) (width 0.1))
    (fp_line (start -0.8 -0.4) (end 0.8 -0.4) (layer F.Fab) (width 0.1))
    (fp_line (start 0.8 -0.4) (end 0.8 0.4) (layer F.Fab) (width 0.1))
    (fp_line (start 0.8 0.4) (end -0.8 0.4) (layer F.Fab) (width 0.1))
    (fp_line (start -0.171267 -0.51) (end 0.171267 -0.51) (layer F.SilkS) (width 0.12))
    (fp_line (start -0.171267 0.51) (end 0.171267 0.51) (layer F.SilkS) (width 0.12))
    (fp_line (start -1.65 0.73) (end -1.65 -0.73) (layer F.CrtYd) (width 0.05))
    (fp_line (start -1.65 -0.73) (end 1.65 -0.73) (layer F.CrtYd) (width 0.05))
    (fp_line (start 1.65 -0.73) (end 1.65 0.73) (layer F.CrtYd) (width 0.05))
    (fp_line (start 1.65 0.73) (end -1.65 0.73) (layer F.CrtYd) (width 0.05))
    (fp_text user %R (at 0 0 90) (layer F.Fab)
      (effects (font (size 0.4 0.4) (thickness 0.06)))
    )
    (pad 1 smd roundrect (at -0.875 0 90) (size 1.05 0.95) (layers F.Cu F.Paste F.Mask) (roundrect_rratio 0.25)
      (net 44 SW3))
    (pad 2 smd roundrect (at 0.875 0 90) (size 1.05 0.95) (layers F.Cu F.Paste F.Mask) (roundrect_rratio 0.25)
      (net 47 5V))
    (model ${KISYS3DMOD}/Resistor_SMD.3dshapes/R_0603_1608Metric.wrl
      (at (xyz 0 0 0))
      (scale (xyz 1 1 1))
      (rotate (xyz 0 0 0))
    )
  )

  (module Resistor_SMD:R_0603_1608Metric_Pad1.05x0.95mm_HandSolder (layer F.Cu) (tedit 5B301BBD) (tstamp 5DD47ABC)
    (at 207.264 70.358 90)
    (descr "Resistor SMD 0603 (1608 Metric), square (rectangular) end terminal, IPC_7351 nominal with elongated pad for handsoldering. (Body size source: http://www.tortai-tech.com/upload/download/2011102023233369053.pdf), generated with kicad-footprint-generator")
    (tags "resistor handsolder")
    (path /5E12B27E)
    (attr smd)
    (fp_text reference R9 (at 0 -1.43 90) (layer F.SilkS)
      (effects (font (size 1 1) (thickness 0.15)))
    )
    (fp_text value 10K (at 0 1.43 90) (layer F.Fab)
      (effects (font (size 1 1) (thickness 0.15)))
    )
    (fp_text user %R (at 0 0 90) (layer F.Fab)
      (effects (font (size 0.4 0.4) (thickness 0.06)))
    )
    (fp_line (start 1.65 0.73) (end -1.65 0.73) (layer F.CrtYd) (width 0.05))
    (fp_line (start 1.65 -0.73) (end 1.65 0.73) (layer F.CrtYd) (width 0.05))
    (fp_line (start -1.65 -0.73) (end 1.65 -0.73) (layer F.CrtYd) (width 0.05))
    (fp_line (start -1.65 0.73) (end -1.65 -0.73) (layer F.CrtYd) (width 0.05))
    (fp_line (start -0.171267 0.51) (end 0.171267 0.51) (layer F.SilkS) (width 0.12))
    (fp_line (start -0.171267 -0.51) (end 0.171267 -0.51) (layer F.SilkS) (width 0.12))
    (fp_line (start 0.8 0.4) (end -0.8 0.4) (layer F.Fab) (width 0.1))
    (fp_line (start 0.8 -0.4) (end 0.8 0.4) (layer F.Fab) (width 0.1))
    (fp_line (start -0.8 -0.4) (end 0.8 -0.4) (layer F.Fab) (width 0.1))
    (fp_line (start -0.8 0.4) (end -0.8 -0.4) (layer F.Fab) (width 0.1))
    (pad 2 smd roundrect (at 0.875 0 90) (size 1.05 0.95) (layers F.Cu F.Paste F.Mask) (roundrect_rratio 0.25)
      (net 47 5V))
    (pad 1 smd roundrect (at -0.875 0 90) (size 1.05 0.95) (layers F.Cu F.Paste F.Mask) (roundrect_rratio 0.25)
      (net 46 SW1))
    (model ${KISYS3DMOD}/Resistor_SMD.3dshapes/R_0603_1608Metric.wrl
      (at (xyz 0 0 0))
      (scale (xyz 1 1 1))
      (rotate (xyz 0 0 0))
    )
  )

  (module Package_SO:SOIC-16W_7.5x10.3mm_P1.27mm (layer F.Cu) (tedit 5C97300E) (tstamp 5DD47958)
    (at 173.99 100.076)
    (descr "SOIC, 16 Pin (JEDEC MS-013AA, https://www.analog.com/media/en/package-pcb-resources/package/pkg_pdf/soic_wide-rw/rw_16.pdf), generated with kicad-footprint-generator ipc_gullwing_generator.py")
    (tags "SOIC SO")
    (path /5DDA511F)
    (attr smd)
    (fp_text reference I2C_Bus1 (at 0 -6.1) (layer F.SilkS)
      (effects (font (size 1 1) (thickness 0.15)))
    )
    (fp_text value PCF8574 (at 0 6.1) (layer F.Fab)
      (effects (font (size 1 1) (thickness 0.15)))
    )
    (fp_text user %R (at 0 0) (layer F.Fab)
      (effects (font (size 1 1) (thickness 0.15)))
    )
    (fp_line (start 5.93 -5.4) (end -5.93 -5.4) (layer F.CrtYd) (width 0.05))
    (fp_line (start 5.93 5.4) (end 5.93 -5.4) (layer F.CrtYd) (width 0.05))
    (fp_line (start -5.93 5.4) (end 5.93 5.4) (layer F.CrtYd) (width 0.05))
    (fp_line (start -5.93 -5.4) (end -5.93 5.4) (layer F.CrtYd) (width 0.05))
    (fp_line (start -3.75 -4.15) (end -2.75 -5.15) (layer F.Fab) (width 0.1))
    (fp_line (start -3.75 5.15) (end -3.75 -4.15) (layer F.Fab) (width 0.1))
    (fp_line (start 3.75 5.15) (end -3.75 5.15) (layer F.Fab) (width 0.1))
    (fp_line (start 3.75 -5.15) (end 3.75 5.15) (layer F.Fab) (width 0.1))
    (fp_line (start -2.75 -5.15) (end 3.75 -5.15) (layer F.Fab) (width 0.1))
    (fp_line (start -3.86 -5.005) (end -5.675 -5.005) (layer F.SilkS) (width 0.12))
    (fp_line (start -3.86 -5.26) (end -3.86 -5.005) (layer F.SilkS) (width 0.12))
    (fp_line (start 0 -5.26) (end -3.86 -5.26) (layer F.SilkS) (width 0.12))
    (fp_line (start 3.86 -5.26) (end 3.86 -5.005) (layer F.SilkS) (width 0.12))
    (fp_line (start 0 -5.26) (end 3.86 -5.26) (layer F.SilkS) (width 0.12))
    (fp_line (start -3.86 5.26) (end -3.86 5.005) (layer F.SilkS) (width 0.12))
    (fp_line (start 0 5.26) (end -3.86 5.26) (layer F.SilkS) (width 0.12))
    (fp_line (start 3.86 5.26) (end 3.86 5.005) (layer F.SilkS) (width 0.12))
    (fp_line (start 0 5.26) (end 3.86 5.26) (layer F.SilkS) (width 0.12))
    (pad 16 smd roundrect (at 4.65 -4.445) (size 2.05 0.6) (layers F.Cu F.Paste F.Mask) (roundrect_rratio 0.25)
      (net 47 5V))
    (pad 15 smd roundrect (at 4.65 -3.175) (size 2.05 0.6) (layers F.Cu F.Paste F.Mask) (roundrect_rratio 0.25)
      (net 32 SDA))
    (pad 14 smd roundrect (at 4.65 -1.905) (size 2.05 0.6) (layers F.Cu F.Paste F.Mask) (roundrect_rratio 0.25)
      (net 34 SCL))
    (pad 13 smd roundrect (at 4.65 -0.635) (size 2.05 0.6) (layers F.Cu F.Paste F.Mask) (roundrect_rratio 0.25)
      (net 38 "Net-(I2C_Bus1-Pad13)"))
    (pad 12 smd roundrect (at 4.65 0.635) (size 2.05 0.6) (layers F.Cu F.Paste F.Mask) (roundrect_rratio 0.25)
      (net 1 "Net-(16x2_LCD1-Pad14)"))
    (pad 11 smd roundrect (at 4.65 1.905) (size 2.05 0.6) (layers F.Cu F.Paste F.Mask) (roundrect_rratio 0.25)
      (net 2 "Net-(16x2_LCD1-Pad13)"))
    (pad 10 smd roundrect (at 4.65 3.175) (size 2.05 0.6) (layers F.Cu F.Paste F.Mask) (roundrect_rratio 0.25)
      (net 3 "Net-(16x2_LCD1-Pad12)"))
    (pad 9 smd roundrect (at 4.65 4.445) (size 2.05 0.6) (layers F.Cu F.Paste F.Mask) (roundrect_rratio 0.25)
      (net 4 "Net-(16x2_LCD1-Pad11)"))
    (pad 8 smd roundrect (at -4.65 4.445) (size 2.05 0.6) (layers F.Cu F.Paste F.Mask) (roundrect_rratio 0.25)
      (net 13 GND))
    (pad 7 smd roundrect (at -4.65 3.175) (size 2.05 0.6) (layers F.Cu F.Paste F.Mask) (roundrect_rratio 0.25)
      (net 54 P3))
    (pad 6 smd roundrect (at -4.65 1.905) (size 2.05 0.6) (layers F.Cu F.Paste F.Mask) (roundrect_rratio 0.25)
      (net 9 "Net-(16x2_LCD1-Pad6)"))
    (pad 5 smd roundrect (at -4.65 0.635) (size 2.05 0.6) (layers F.Cu F.Paste F.Mask) (roundrect_rratio 0.25)
      (net 10 "Net-(16x2_LCD1-Pad5)"))
    (pad 4 smd roundrect (at -4.65 -0.635) (size 2.05 0.6) (layers F.Cu F.Paste F.Mask) (roundrect_rratio 0.25)
      (net 11 "Net-(16x2_LCD1-Pad4)"))
    (pad 3 smd roundrect (at -4.65 -1.905) (size 2.05 0.6) (layers F.Cu F.Paste F.Mask) (roundrect_rratio 0.25)
      (net 13 GND))
    (pad 2 smd roundrect (at -4.65 -3.175) (size 2.05 0.6) (layers F.Cu F.Paste F.Mask) (roundrect_rratio 0.25)
      (net 13 GND))
    (pad 1 smd roundrect (at -4.65 -4.445) (size 2.05 0.6) (layers F.Cu F.Paste F.Mask) (roundrect_rratio 0.25)
      (net 13 GND))
    (model ${KISYS3DMOD}/Package_SO.3dshapes/SOIC-16W_7.5x10.3mm_P1.27mm.wrl
      (at (xyz 0 0 0))
      (scale (xyz 1 1 1))
      (rotate (xyz 0 0 0))
    )
  )

  (module Resistor_SMD:R_0603_1608Metric_Pad1.05x0.95mm_HandSolder (layer F.Cu) (tedit 5B301BBD) (tstamp 5DD47A34)
    (at 182.993 96.774 180)
    (descr "Resistor SMD 0603 (1608 Metric), square (rectangular) end terminal, IPC_7351 nominal with elongated pad for handsoldering. (Body size source: http://www.tortai-tech.com/upload/download/2011102023233369053.pdf), generated with kicad-footprint-generator")
    (tags "resistor handsolder")
    (path /5DDD9065)
    (attr smd)
    (fp_text reference R1 (at 0 1.27) (layer F.SilkS)
      (effects (font (size 1 1) (thickness 0.15)))
    )
    (fp_text value 4.7K (at 0 1.43) (layer F.Fab)
      (effects (font (size 1 1) (thickness 0.15)))
    )
    (fp_text user %R (at 0 0) (layer F.Fab)
      (effects (font (size 0.4 0.4) (thickness 0.06)))
    )
    (fp_line (start 1.65 0.73) (end -1.65 0.73) (layer F.CrtYd) (width 0.05))
    (fp_line (start 1.65 -0.73) (end 1.65 0.73) (layer F.CrtYd) (width 0.05))
    (fp_line (start -1.65 -0.73) (end 1.65 -0.73) (layer F.CrtYd) (width 0.05))
    (fp_line (start -1.65 0.73) (end -1.65 -0.73) (layer F.CrtYd) (width 0.05))
    (fp_line (start -0.171267 0.51) (end 0.171267 0.51) (layer F.SilkS) (width 0.12))
    (fp_line (start -0.171267 -0.51) (end 0.171267 -0.51) (layer F.SilkS) (width 0.12))
    (fp_line (start 0.8 0.4) (end -0.8 0.4) (layer F.Fab) (width 0.1))
    (fp_line (start 0.8 -0.4) (end 0.8 0.4) (layer F.Fab) (width 0.1))
    (fp_line (start -0.8 -0.4) (end 0.8 -0.4) (layer F.Fab) (width 0.1))
    (fp_line (start -0.8 0.4) (end -0.8 -0.4) (layer F.Fab) (width 0.1))
    (pad 2 smd roundrect (at 0.875 0 180) (size 1.05 0.95) (layers F.Cu F.Paste F.Mask) (roundrect_rratio 0.25)
      (net 32 SDA))
    (pad 1 smd roundrect (at -0.875 0 180) (size 1.05 0.95) (layers F.Cu F.Paste F.Mask) (roundrect_rratio 0.25)
      (net 47 5V))
    (model ${KISYS3DMOD}/Resistor_SMD.3dshapes/R_0603_1608Metric.wrl
      (at (xyz 0 0 0))
      (scale (xyz 1 1 1))
      (rotate (xyz 0 0 0))
    )
  )

  (module Capacitor_SMD:C_0603_1608Metric_Pad1.05x0.95mm_HandSolder (layer F.Cu) (tedit 5B301BBE) (tstamp 5DBFC592)
    (at 209.042 62.1792 90)
    (descr "Capacitor SMD 0603 (1608 Metric), square (rectangular) end terminal, IPC_7351 nominal with elongated pad for handsoldering. (Body size source: http://www.tortai-tech.com/upload/download/2011102023233369053.pdf), generated with kicad-footprint-generator")
    (tags "capacitor handsolder")
    (path /5DCF48E0)
    (attr smd)
    (fp_text reference C2 (at 0 -1.43 90) (layer F.SilkS)
      (effects (font (size 1 1) (thickness 0.15)))
    )
    (fp_text value 1uF (at 0 1.43 90) (layer F.Fab)
      (effects (font (size 1 1) (thickness 0.15)))
    )
    (fp_line (start -0.8 0.4) (end -0.8 -0.4) (layer F.Fab) (width 0.1))
    (fp_line (start -0.8 -0.4) (end 0.8 -0.4) (layer F.Fab) (width 0.1))
    (fp_line (start 0.8 -0.4) (end 0.8 0.4) (layer F.Fab) (width 0.1))
    (fp_line (start 0.8 0.4) (end -0.8 0.4) (layer F.Fab) (width 0.1))
    (fp_line (start -0.171267 -0.51) (end 0.171267 -0.51) (layer F.SilkS) (width 0.12))
    (fp_line (start -0.171267 0.51) (end 0.171267 0.51) (layer F.SilkS) (width 0.12))
    (fp_line (start -1.65 0.73) (end -1.65 -0.73) (layer F.CrtYd) (width 0.05))
    (fp_line (start -1.65 -0.73) (end 1.65 -0.73) (layer F.CrtYd) (width 0.05))
    (fp_line (start 1.65 -0.73) (end 1.65 0.73) (layer F.CrtYd) (width 0.05))
    (fp_line (start 1.65 0.73) (end -1.65 0.73) (layer F.CrtYd) (width 0.05))
    (fp_text user %R (at 0 0 90) (layer F.Fab)
      (effects (font (size 0.4 0.4) (thickness 0.06)))
    )
    (pad 1 smd roundrect (at -0.875 0 90) (size 1.05 0.95) (layers F.Cu F.Paste F.Mask) (roundrect_rratio 0.25)
      (net 47 5V))
    (pad 2 smd roundrect (at 0.875 0 90) (size 1.05 0.95) (layers F.Cu F.Paste F.Mask) (roundrect_rratio 0.25)
      (net 13 GND))
    (model ${KISYS3DMOD}/Capacitor_SMD.3dshapes/C_0603_1608Metric.wrl
      (at (xyz 0 0 0))
      (scale (xyz 1 1 1))
      (rotate (xyz 0 0 0))
    )
  )

  (module Capacitor_SMD:C_0603_1608Metric_Pad1.05x0.95mm_HandSolder (layer F.Cu) (tedit 5B301BBE) (tstamp 5DD478E4)
    (at 210.82 62.1792 270)
    (descr "Capacitor SMD 0603 (1608 Metric), square (rectangular) end terminal, IPC_7351 nominal with elongated pad for handsoldering. (Body size source: http://www.tortai-tech.com/upload/download/2011102023233369053.pdf), generated with kicad-footprint-generator")
    (tags "capacitor handsolder")
    (path /5DCEDACE)
    (attr smd)
    (fp_text reference C1 (at 0 -1.43 90) (layer F.SilkS)
      (effects (font (size 1 1) (thickness 0.15)))
    )
    (fp_text value 1uF (at 0 1.43 90) (layer F.Fab)
      (effects (font (size 1 1) (thickness 0.15)))
    )
    (fp_line (start -0.8 0.4) (end -0.8 -0.4) (layer F.Fab) (width 0.1))
    (fp_line (start -0.8 -0.4) (end 0.8 -0.4) (layer F.Fab) (width 0.1))
    (fp_line (start 0.8 -0.4) (end 0.8 0.4) (layer F.Fab) (width 0.1))
    (fp_line (start 0.8 0.4) (end -0.8 0.4) (layer F.Fab) (width 0.1))
    (fp_line (start -0.171267 -0.51) (end 0.171267 -0.51) (layer F.SilkS) (width 0.12))
    (fp_line (start -0.171267 0.51) (end 0.171267 0.51) (layer F.SilkS) (width 0.12))
    (fp_line (start -1.65 0.73) (end -1.65 -0.73) (layer F.CrtYd) (width 0.05))
    (fp_line (start -1.65 -0.73) (end 1.65 -0.73) (layer F.CrtYd) (width 0.05))
    (fp_line (start 1.65 -0.73) (end 1.65 0.73) (layer F.CrtYd) (width 0.05))
    (fp_line (start 1.65 0.73) (end -1.65 0.73) (layer F.CrtYd) (width 0.05))
    (fp_text user %R (at 0 0 90) (layer F.Fab)
      (effects (font (size 0.4 0.4) (thickness 0.06)))
    )
    (pad 1 smd roundrect (at -0.875 0 270) (size 1.05 0.95) (layers F.Cu F.Paste F.Mask) (roundrect_rratio 0.25)
      (net 50 "Net-(5V_Reg_1-Pad1)"))
    (pad 2 smd roundrect (at 0.875 0 270) (size 1.05 0.95) (layers F.Cu F.Paste F.Mask) (roundrect_rratio 0.25)
      (net 13 GND))
    (model ${KISYS3DMOD}/Capacitor_SMD.3dshapes/C_0603_1608Metric.wrl
      (at (xyz 0 0 0))
      (scale (xyz 1 1 1))
      (rotate (xyz 0 0 0))
    )
  )

  (module Button_Switch_SMD:SW_DIP_SPSTx01_Slide_9.78x4.72mm_W8.61mm_P2.54mm (layer F.Cu) (tedit 5A4E1404) (tstamp 5DD47A11)
    (at 202.692 60.0456 90)
    (descr "SMD 1x-dip-switch SPST , Slide, row spacing 8.61 mm (338 mils), body size 9.78x4.72mm (see e.g. https://www.ctscorp.com/wp-content/uploads/204.pdf), SMD")
    (tags "SMD DIP Switch SPST Slide 8.61mm 338mil SMD")
    (path /5DD2E367)
    (attr smd)
    (fp_text reference PWR_SW1 (at 0 -3.42 90) (layer F.SilkS)
      (effects (font (size 1 1) (thickness 0.15)))
    )
    (fp_text value SW_SPST (at 0 3.42 90) (layer F.Fab)
      (effects (font (size 1 1) (thickness 0.15)))
    )
    (fp_line (start -3.89 -2.36) (end 4.89 -2.36) (layer F.Fab) (width 0.1))
    (fp_line (start 4.89 -2.36) (end 4.89 2.36) (layer F.Fab) (width 0.1))
    (fp_line (start 4.89 2.36) (end -4.89 2.36) (layer F.Fab) (width 0.1))
    (fp_line (start -4.89 2.36) (end -4.89 -1.36) (layer F.Fab) (width 0.1))
    (fp_line (start -4.89 -1.36) (end -3.89 -2.36) (layer F.Fab) (width 0.1))
    (fp_line (start -2.03 -0.635) (end -2.03 0.635) (layer F.Fab) (width 0.1))
    (fp_line (start -2.03 0.635) (end 2.03 0.635) (layer F.Fab) (width 0.1))
    (fp_line (start 2.03 0.635) (end 2.03 -0.635) (layer F.Fab) (width 0.1))
    (fp_line (start 2.03 -0.635) (end -2.03 -0.635) (layer F.Fab) (width 0.1))
    (fp_line (start -2.03 -0.535) (end -0.676667 -0.535) (layer F.Fab) (width 0.1))
    (fp_line (start -2.03 -0.435) (end -0.676667 -0.435) (layer F.Fab) (width 0.1))
    (fp_line (start -2.03 -0.335) (end -0.676667 -0.335) (layer F.Fab) (width 0.1))
    (fp_line (start -2.03 -0.235) (end -0.676667 -0.235) (layer F.Fab) (width 0.1))
    (fp_line (start -2.03 -0.135) (end -0.676667 -0.135) (layer F.Fab) (width 0.1))
    (fp_line (start -2.03 -0.035) (end -0.676667 -0.035) (layer F.Fab) (width 0.1))
    (fp_line (start -2.03 0.065) (end -0.676667 0.065) (layer F.Fab) (width 0.1))
    (fp_line (start -2.03 0.165) (end -0.676667 0.165) (layer F.Fab) (width 0.1))
    (fp_line (start -2.03 0.265) (end -0.676667 0.265) (layer F.Fab) (width 0.1))
    (fp_line (start -2.03 0.365) (end -0.676667 0.365) (layer F.Fab) (width 0.1))
    (fp_line (start -2.03 0.465) (end -0.676667 0.465) (layer F.Fab) (width 0.1))
    (fp_line (start -2.03 0.565) (end -0.676667 0.565) (layer F.Fab) (width 0.1))
    (fp_line (start -0.676667 -0.635) (end -0.676667 0.635) (layer F.Fab) (width 0.1))
    (fp_line (start -4.95 -2.42) (end 4.95 -2.42) (layer F.SilkS) (width 0.12))
    (fp_line (start -4.95 2.42) (end 4.95 2.42) (layer F.SilkS) (width 0.12))
    (fp_line (start -4.95 -2.42) (end -4.95 -0.8) (layer F.SilkS) (width 0.12))
    (fp_line (start -4.95 0.8) (end -4.95 2.42) (layer F.SilkS) (width 0.12))
    (fp_line (start 4.95 -2.42) (end 4.95 -0.8) (layer F.SilkS) (width 0.12))
    (fp_line (start 4.95 0.8) (end 4.95 2.42) (layer F.SilkS) (width 0.12))
    (fp_line (start -5.19 -2.66) (end -3.806 -2.66) (layer F.SilkS) (width 0.12))
    (fp_line (start -5.19 -2.66) (end -5.19 -1.277) (layer F.SilkS) (width 0.12))
    (fp_line (start -2.03 -0.635) (end -2.03 0.635) (layer F.SilkS) (width 0.12))
    (fp_line (start -2.03 0.635) (end 2.03 0.635) (layer F.SilkS) (width 0.12))
    (fp_line (start 2.03 0.635) (end 2.03 -0.635) (layer F.SilkS) (width 0.12))
    (fp_line (start 2.03 -0.635) (end -2.03 -0.635) (layer F.SilkS) (width 0.12))
    (fp_line (start -2.03 -0.515) (end -0.676667 -0.515) (layer F.SilkS) (width 0.12))
    (fp_line (start -2.03 -0.395) (end -0.676667 -0.395) (layer F.SilkS) (width 0.12))
    (fp_line (start -2.03 -0.275) (end -0.676667 -0.275) (layer F.SilkS) (width 0.12))
    (fp_line (start -2.03 -0.155) (end -0.676667 -0.155) (layer F.SilkS) (width 0.12))
    (fp_line (start -2.03 -0.035) (end -0.676667 -0.035) (layer F.SilkS) (width 0.12))
    (fp_line (start -2.03 0.085) (end -0.676667 0.085) (layer F.SilkS) (width 0.12))
    (fp_line (start -2.03 0.205) (end -0.676667 0.205) (layer F.SilkS) (width 0.12))
    (fp_line (start -2.03 0.325) (end -0.676667 0.325) (layer F.SilkS) (width 0.12))
    (fp_line (start -2.03 0.445) (end -0.676667 0.445) (layer F.SilkS) (width 0.12))
    (fp_line (start -2.03 0.565) (end -0.676667 0.565) (layer F.SilkS) (width 0.12))
    (fp_line (start -0.676667 -0.635) (end -0.676667 0.635) (layer F.SilkS) (width 0.12))
    (fp_line (start -5.8 -2.7) (end -5.8 2.7) (layer F.CrtYd) (width 0.05))
    (fp_line (start -5.8 2.7) (end 5.8 2.7) (layer F.CrtYd) (width 0.05))
    (fp_line (start 5.8 2.7) (end 5.8 -2.7) (layer F.CrtYd) (width 0.05))
    (fp_line (start 5.8 -2.7) (end -5.8 -2.7) (layer F.CrtYd) (width 0.05))
    (fp_text user %R (at 3.46 0) (layer F.Fab)
      (effects (font (size 0.6 0.6) (thickness 0.09)))
    )
    (fp_text user on (at 1.3075 -1.4975 90) (layer F.Fab)
      (effects (font (size 0.6 0.6) (thickness 0.09)))
    )
    (pad 1 smd rect (at -4.305 0 90) (size 2.44 1.12) (layers F.Cu F.Paste F.Mask)
      (net 56 "Net-(BT1-Pad1)"))
    (pad 2 smd rect (at 4.305 0 90) (size 2.44 1.12) (layers F.Cu F.Paste F.Mask)
      (net 50 "Net-(5V_Reg_1-Pad1)"))
    (model ${KISYS3DMOD}/Button_Switch_SMD.3dshapes/SW_DIP_SPSTx01_Slide_9.78x4.72mm_W8.61mm_P2.54mm.wrl
      (at (xyz 0 0 0))
      (scale (xyz 1 1 1))
      (rotate (xyz 0 0 90))
    )
  )

  (module Package_SO:SOIC-16_3.9x9.9mm_P1.27mm (layer F.Cu) (tedit 5C97300E) (tstamp 5DD478B9)
    (at 160.782 99.822)
    (descr "SOIC, 16 Pin (JEDEC MS-012AC, https://www.analog.com/media/en/package-pcb-resources/package/pkg_pdf/soic_narrow-r/r_16.pdf), generated with kicad-footprint-generator ipc_gullwing_generator.py")
    (tags "SOIC SO")
    (path /5DEEA6B1)
    (attr smd)
    (fp_text reference ADC1 (at 0 -5.9) (layer F.SilkS)
      (effects (font (size 1 1) (thickness 0.15)))
    )
    (fp_text value MCP3008 (at 0 5.9) (layer F.Fab)
      (effects (font (size 1 1) (thickness 0.15)))
    )
    (fp_text user %R (at 0 0) (layer F.Fab)
      (effects (font (size 0.98 0.98) (thickness 0.15)))
    )
    (fp_line (start 3.7 -5.2) (end -3.7 -5.2) (layer F.CrtYd) (width 0.05))
    (fp_line (start 3.7 5.2) (end 3.7 -5.2) (layer F.CrtYd) (width 0.05))
    (fp_line (start -3.7 5.2) (end 3.7 5.2) (layer F.CrtYd) (width 0.05))
    (fp_line (start -3.7 -5.2) (end -3.7 5.2) (layer F.CrtYd) (width 0.05))
    (fp_line (start -1.95 -3.975) (end -0.975 -4.95) (layer F.Fab) (width 0.1))
    (fp_line (start -1.95 4.95) (end -1.95 -3.975) (layer F.Fab) (width 0.1))
    (fp_line (start 1.95 4.95) (end -1.95 4.95) (layer F.Fab) (width 0.1))
    (fp_line (start 1.95 -4.95) (end 1.95 4.95) (layer F.Fab) (width 0.1))
    (fp_line (start -0.975 -4.95) (end 1.95 -4.95) (layer F.Fab) (width 0.1))
    (fp_line (start 0 -5.06) (end -3.45 -5.06) (layer F.SilkS) (width 0.12))
    (fp_line (start 0 -5.06) (end 1.95 -5.06) (layer F.SilkS) (width 0.12))
    (fp_line (start 0 5.06) (end -1.95 5.06) (layer F.SilkS) (width 0.12))
    (fp_line (start 0 5.06) (end 1.95 5.06) (layer F.SilkS) (width 0.12))
    (pad 16 smd roundrect (at 2.475 -4.445) (size 1.95 0.6) (layers F.Cu F.Paste F.Mask) (roundrect_rratio 0.25)
      (net 47 5V))
    (pad 15 smd roundrect (at 2.475 -3.175) (size 1.95 0.6) (layers F.Cu F.Paste F.Mask) (roundrect_rratio 0.25)
      (net 47 5V))
